P01   17_19_ta_.pdf   page 3
title          : 2017-18 Teachers Salary Schedule Tentative Agreement (TA)
employee_group : (not labelled - SOM endpoint was down)
cells          : 218
Vision agree   : 0.913

step                            BA       BA+15       BA+30       BA+45          MA       MA+15       MA+30       MA+45       MA+60       BA+60
----------------------------------------------------------------------------------------------------------------------------------------------
1                           40,419      41,533      42,434      43,419      46,417      47,510      48,650      49,800      50,720            
2                           42,396      43,593      44,704      45,814      48,810      50,132      51,539      52,706      54,227            
3                           43,920      45,240      46,373      47,563      51,390      52,666      54,382      55,588      57,134            
4                           45,273      46,718      47,951      49,279      53,800      55,270      57,073      58,283      60,100            
5                           45,273      46,718      47,951      49,279      53,800      55,270      57,073      58,283      60,100            
6                           46,422      48,241      49,526      50,980      56,249      57,873      59,719      61,421      63,094            
7                           47,974      49,793      51,106      52,664      58,622      60,587      62,539      64,385      66,344            
8                           50,559      52,396      53,699      55,021      60,968      63,321      65,495      67,302      69,486            
9                           54,591      56,541      57,686      59,006      64,687      66,583      68,287      70,114      72,422            
10                          58,742      61,000      62,428      64,091      70,774      72,941      75,108      77,514      79,921            
11                          59,917      62,220      63,677      65,373      72,189      74,400      76,610      79,064      81,519            
12                          59,917      62,220      63,677      65,373      72,189      74,400      76,610      79,064      81,519            
13                          59,917      62,220      63,677      65,373      72,189      74,400      76,610      79,064      81,519            
14                          59,917      62,220      63,677      65,373      72,189      74,400      76,610      79,064      81,519            
15                          59,917      62,220      63,677      65,373      72,189      74,400      76,610      79,064      81,519            
16                          59,917      62,220      63,677      65,373      72,189      74,400      76,610      79,064      81,519            
17                          59,917      62,220      63,677      65,373      72,189      74,400      76,610      79,064      81,519            
18                          59,917      62,220      63,677      65,373      72,189      74,400      76,610      79,064      81,519            
19                          59,917      62,220      63,677      65,373      72,189      74,400      76,610      79,064      81,519      67,678
20                          59,917      62,220      63,677      65,373      72,189      74,400      76,610      79,064      81,519      67,678
21                          62,462      64,646      66,224      67,799      74,767      77,102      79,312      81,766      84,713      70,225
22                          62,462      64,646      66,224      67,799      74,767      77,102      79,312      81,766      84,713      70,225
23                          62,462      64,646      66,224      67,799      74,767      77,102      79,312      81,766      84,713      70,225
24+                                                                         76,241      79,064      81,275      84,344      87,413      71,176