P02   17_19_ta_.pdf   page 2
title          : 2016-17 Teachers Salary Schedule
employee_group : (not labelled - SOM endpoint was down)
cells          : 218
Vision agree   : 0.106

step                            BA       BA+15       BA+30       BA+45          MA       MA+15       MA+30       MA+45       MA+60       BA+60
----------------------------------------------------------------------------------------------------------------------------------------------
1                           39,626      40,719      41,602      42,568      45,507      46,578      47,696      48,824      49,725            
2                           41,565      42,738      43,827      44,916      47,853      49,149      50,528      51,673      53,164            
3                           43,059      44,353      45,464      46,630      50,382      51,633      53,316      54,498      56,014            
4                           43,059      44,353      45,464      46,630      50,382      51,633      53,316      54,498      56,014            
5                           44,385      45,802      47,011      48,313      52,745      54,186      55,954      57,140      58,922            
6                           45,512      47,295      48,555      49,980      55,146      56,738      58,548      60,217      61,857            
7                           47,033      48,817      50,104      51,631      57,473      59,399      61,313      63,123      65,043            
8                           49,568      51,369      52,646      53,942      59,773      62,079      64,211      65,982      68,124            
9                           53,521      55,432      56,555      57,849      63,419      65,277      66,948      68,739      71,002            
10                          58,742      61,000      62,428      64,091      70,774      72,941      75,108      77,514      79,921            
11                          58,742      61,000      62,428      64,091      70,774      72,941      75,108      77,514      79,921            
12                          58,742      61,000      62,428      64,091      70,774      72,941      75,108      77,514      79,921            
13                          58,742      61,000      62,428      64,091      70,774      72,941      75,108      77,514      79,921            
14                          58,742      61,000      62,428      64,091      70,774      72,941      75,108      77,514      79,921            
15                          58,742      61,000      62,428      64,091      70,774      72,941      75,108      77,514      79,921            
16                          58,742      61,000      62,428      64,091      70,774      72,941      75,108      77,514      79,921            
17                          58,742      61,000      62,428      64,091      70,774      72,941      75,108      77,514      79,921            
18                          58,742      61,000      62,428      64,091      70,774      72,941      75,108      77,514      79,921            
19                          58,742      61,000      62,428      64,091      70,774      72,941      75,108      77,514      79,921      66,351
20                          58,742      61,000      62,428      64,091      70,774      72,941      75,108      77,514      79,921      66,351
21                          61,237      63,378      64,925      66,470      73,301      75,590      77,757      80,163      83,052      68,848
22                          61,237      63,378      64,925      66,470      73,301      75,590      77,757      80,163      83,052      68,848
23                          61,237      63,378      64,925      66,470      73,301      75,590      77,757      80,163      83,052      68,848
24+                                                                         74,746      77,514      79,681      82,690      85,699      69,780