P09   33.pdf   page 692
title          : MAINTENANCE/OPERATIONS(ALL HOURLY RATES ARE BASED ON 8 HOURS/DAY) STEPS GRADE EMPLOYEEGROUP DAYS OVE
employee_group : (not labelled - SOM endpoint was down)
cells          : 484
Vision agree   : 0.918

step                             2           3           4           5           6           7           8           9          10          11          12          13          14          15          16          17          18          19          20          21          22          23         MAX
----------------------------------------------------------------------------------------------------------------------------------------------------------------------------------------------------------------------------------------------------------------------------------------------------------
1 MAINTENANCE/OPERAT          9.60                                                                                                                                                                                                                                                                        
2 MAINTENANCE/OPERAT         10.57       10.78       11.09       11.31       11.62       11.84       12.17       12.40       12.66       13.19       13.47       13.64       13.93       14.38       14.68       14.99       15.30       15.63       15.92       16.26       16.61       16.99       17.32
4 MAINTENANCE/OPERAT         11.11       11.32       11.63       11.86       12.16       12.38       12.70       12.94       13.20       13.73       14.01       14.18       14.46       14.92       15.22       15.53       15.84       16.18       16.45       16.92       17.16       17.55       17.89
5 MAINTENANCE/OPERAT         11.31       11.54       11.84       12.10       12.45       12.69       13.06       13.32       13.61       14.18       14.47       14.65       14.96       15.47       15.82       16.15       16.50       16.85       17.14       17.53       17.92       18.32       18.68
9 MAINTENANCE/OPERAT         11.92       12.14       12.49       12.74       13.10       13.36       13.75       14.03       14.31       14.94       15.26       15.44       15.77       16.32       16.66       17.03       17.41       17.78       18.10       18.49       18.90       19.33       19.71
11 MAINTENANCE/OPERA         12.16       12.40       12.74          13       13.37       13.64       14.03       14.32       14.72       15.35       15.67          16       16.34       16.67       17.02       17.75       18.13       18.51       18.91       19.32       19.73       20.16       20.55
13 MAINTENANCE/OPERA         12.51       12.75       13.11       13.38       13.76       14.04       14.45       14.75       15.06       15.70       16.03       16.26       16.60       17.17       17.57       17.95       18.34       18.73       19.06       19.49       19.92       20.36       20.76
15 MAINTENANCE/OPERA         12.78       13.06       13.41       13.69       14.11       14.41       14.79       15.10       15.44       16.09       16.45       16.65       17.02       17.60       17.98       18.39       18.77       19.20       19.54       19.97       20.42       20.87       21.28
16 MAINTENANCE/OPERA         13.02       13.29       13.68       13.96       14.35       14.65       15.08       15.42       15.72       16.40       16.77       16.98       17.35       17.94       18.34       18.72       19.14       19.57       19.90       20.35       20.80       21.29       21.71
17 MAINTENANCE/OPERA         13.19       13.44       13.81       14.05       14.43       14.71       15.08       15.39       15.69       16.27       16.59       16.78       17.11       17.73       18.30       18.47       18.84       19.24       19.55       19.96       20.41       20.86       21.27
19 MAINTENANCE/OPERA         13.43       13.70       14.15       14.44       14.85       15.18       15.60       15.94       16.29       16.98       17.35       17.58       17.96       18.57       18.99       19.41       19.83       20.29       20.64       21.10       21.58       22.07       22.50
20 MAINTENANCE/OPERA         13.59       13.86       14.26       14.55       14.99       15.31       15.76       16.09       16.44       17.15       17.54       17.73       18.14       18.76       19.17       19.61       20.05       20.47       20.84       21.32       21.80       22.30       22.74
22 MAINTENANCE/OPERA         13.89       14.18       14.61       14.91       15.36       15.69       16.12       16.47       16.82       17.57       17.95       18.17       18.56       19.20       19.63       20.08       20.51       20.97       21.35       21.83       22.33       22.83       23.28
24 MAINTENANCE/OPERA         14.13       14.41       14.80       15.12       15.58       15.92       16.38       16.74       17.09       17.85       18.22       18.47       18.87       19.73       20.16       20.60       21.05       21.53       21.90       22.40       22.90       23.44       23.90
26 MAINTENANCE/OPERA         14.33       14.63       15.06       15.40       15.84       16.19       16.65       17.02       17.36       18.13       18.52       18.74       19.17       19.84       20.30       20.74       21.23       21.70       22.08       22.57       23.09       23.62       24.08
27 MAINTENANCE/OPERA         14.44       14.72       15.09       15.40       15.81       16.12       16.54       16.89       17.20       17.92       18.27       18.48       18.86       19.53       19.92       20.35       20.76       21.22       21.56       22.03       22.52       23.04       23.49
30 MAINTENANCE/OPERA         14.83       15.14       15.58       15.92       16.38       16.74       17.23       17.60       17.98       18.74       19.17       19.44       19.85       20.57       21.02       21.50       21.99       22.46       22.87       23.40       23.93       24.48       24.96
31 MAINTENANCE/OPERA         14.96       15.25       15.69       15.99       16.44       16.76       17.19       17.55       17.90       18.64       19.02       19.25       19.64       20.28       20.70       21.15       21.59       22.05       22.41       22.89       23.42       23.95       24.42
32 MAINTENANCE/OPERA         15.66          16       16.46       16.80       17.31       17.67       18.19       18.58       19.14       19.98       20.41       20.85       21.32       21.77       22.26       23.29       23.80       24.34       24.67       25.23       25.80       26.38       26.90
33 MAINTENANCE/OPERA         16.51       16.84       17.38       17.76       18.26       18.68       19.24       19.67       20.10       20.99       21.47       21.73       22.21       23.02       23.55       24.08       24.63       25.20       25.65       26.24       26.83       27.46          28
35 MAINTENANCE/OPERA         18.12       18.51       19.06       19.50       20.08       20.51       21.17       21.64       22.10       23.11       23.62       23.93       24.48       25.36       25.95       26.54       27.15       27.75       28.26       28.90       29.58       30.27       30.86
37 MAINTENANCE/OPERA         18.74       19.17       19.74       20.19       20.78       21.26       21.91       22.41       22.92       23.95       24.48       24.79       25.38       26.29       26.88       27.50       28.15       28.77       29.31       29.97       30.66       31.39       32.01