P15   33.pdf   page 691
title          : SALARY SCHEDULE - SUPPORT STAFF, CONTINUED OFFICESUPPORT STEPS GRADE EMPLOYEE DAYS GROUP OVER
employee_group : (not labelled - SOM endpoint was down)
cells          : 595
Vision agree   : 0.716

step                             1           2           3           4         5 6           7           8           9          10          11          12          13          14          15          16          17          18          19          20          21          22          23         MAX
----------------------------------------------------------------------------------------------------------------------------------------------------------------------------------------------------------------------------------------------------------------------------------------------------------
6 OFFICE SUPPORT 225        20,786      21,170      21,736      22,156      22,741      23,802      24,258      24,917      25,410      25,904      26,433      26,945      27,493      28,042      28,626      29,851      30,472      31,075      31,770      32,427      33,122      33,816      34,476
7 OFFICE SUPPORT 205        19,248      19,611      20,111      20,494      21,026      21,993      22,417      23,008      23,474      23,924      24,390      24,873      25,372      25,872      26,388      27,503      28,070      28,619      29,252      29,868      30,484      31,124      31,731
7 OFFICE SUPPORT 217        20,271      20,657      21,185      21,591      22,154      23,177      23,626      24,252      24,745      25,221      25,715      26,226      26,754      27,283      27,830      29,010      29,609      30,191      30,861      31,513      32,166      32,843      33,484
8 OFFICE SUPPORT 185        17,955      18,288      18,758      19,110      19,605      20,509      20,907      21,465      21,887      22,308      22,751      23,192      23,658      24,121      24,609      25,641      26,168      26,707      27,306      27,875      28,458      29,056      29,621
8 OFFICE SUPPORT 195        18,826      19,184      19,675      20,056      20,578      21,528      21,940      22,526      22,969      23,413      23,889      24,350      24,838      25,330      25,836      26,929      27,488      28,054      28,687      29,289      29,906      30,531      31,126
13 OFFICE SUPPORT 22        22,760      23,199      23,838      24,314      25,008      26,250      26,798      27,347      27,950      28,498      29,083      29,503      30,124      31,148      31,861      32,537      33,249      33,962      34,547      35,315      36,100      36,886      37,607
14 OFFICE SUPPORT 19        20,250      20,643      21,196      21,614      22,198      23,257      23,726      24,384      24,880      25,378      25,898      26,418      26,966      27,512      28,086      29,298      29,918      30,553      31,139      31,802      32,486      33,185      33,832
20 OFFICE SUPPORT 21        23,882      24,358      25,045      25,556      26,314      27,653      28,217      28,835      29,433      30,068      30,737      31,073      31,777      32,871      33,575      34,333      35,091      35,831      36,483      37,294      38,140      39,003      39,766
20 OFFICE SUPPORT 22        24,697      25,190      25,904      26,433      27,219      28,607      29,193      29,832      30,454      31,112      31,806      32,153      32,884      34,017      34,748      35,534      36,320      37,086      37,763      38,604      39,481      40,376      41,165
21 OFFICE SUPPORT 19        21,972      22,399      23,001      23,460      24,110      25,281      25,805      26,518      27,071      27,626      28,196      28,782      29,384      29,986      30,619      31,949      32,631      33,343      33,929      34,673      35,418      36,194      36,901
21 OFFICE SUPPORT 20        22,490      22,928      23,546      24,017      24,682      25,885      26,421      27,152      27,721      28,289      28,874      29,475      30,092      30,709      31,360      32,724      33,422      34,153      34,754      35,518      36,281      37,077      37,801
21 OFFICE SUPPORT 20        23,008      23,457      24,091      24,573      25,256      26,488      27,038      27,786      28,369      28,952      29,552      30,168      30,800      31,433      32,099      33,498      34,214      34,963      35,579      36,361      37,144      37,960      38,702
21 OFFICE SUPPORT 21        24,044      24,516      25,179      25,686      26,401      27,694      28,270      29,056      29,668      30,279      30,907      31,553      32,217      32,881      33,579      35,046      35,796      36,582      37,229      38,049      38,870      39,725      40,502
29 OFFICE SUPPORT 20        23,806      24,293      24,959      25,495      26,210      27,509      28,078      28,890      29,491      30,108      30,741      31,376      32,041      32,724      33,422      34,901      35,648      36,428      37,029      37,841      38,669      39,529      40,302
29 OFFICE SUPPORT 20        24,357      24,856      25,539      26,088      26,821      28,153      28,736      29,568      30,184      30,817      31,467      32,116      32,799      33,498      34,214      35,729      36,494      37,294      37,910      38,743      39,592      40,474      41,265
29 OFFICE SUPPORT 22        26,561      27,109      27,859      28,462      29,266      30,727      31,368      32,281      32,957      33,651      34,364      35,077      35,826      36,593      37,379      39,043      39,883      40,761      41,436      42,350      43,283      44,251      45,118
30 OFFICE SUPPORT 19        23,575      24,055      24,743      25,266      25,994      27,325      27,895      28,481      29,130      29,685      30,350      30,762      31,411      32,535      33,232      33,976      34,737      35,481      36,131      36,939      37,778      38,634      39,389
32 OFFICE SUPPORT 19        24,877      25,394      26,117      26,663      27,429      28,820      29,434      30,295      30,952      31,600      32,285      32,970      33,690      34,407      35,161      36,761      37,576      38,409      38,929      39,797      40,688      41,601      42,415
32 OFFICE SUPPORT 21        27,248      27,817      28,615      29,216      30,061      31,595      32,273      33,222      33,945      34,660      35,415      36,171      36,965      37,755      38,587      40,352      41,249      42,169      42,742      43,698      44,680      45,686      46,581
32 OFFICE SUPPORT 21        27,485      28,060      28,865      29,472      30,324      31,873      32,556      33,514      34,245      34,966      35,728      36,491      37,292      38,089      38,929      40,710      41,616      42,544      43,123      44,089      45,079      46,095      46,998
32 SUPERVISOR I, 225        28,434      29,029      29,864      30,494      31,377      32,983      33,692      34,684      35,443      36,190      36,980      37,772      38,602      39,428      40,300      42,146      43,086      44,047      44,648      45,649      46,676      47,730      48,665
35 EMPLOYEE GROUP 22        33,167      33,932      34,829      35,635      36,580      38,428      39,324      40,376      41,325      42,283      43,276      44,285      45,329      46,387      47,483      49,083      50,247      51,439      52,469      53,717      54,996      56,308      57,581
37 ADMINISTRATIVE 22        37,900      38,835      39,793      40,776      41,783      43,873      44,957      46,068      47,207      48,375      49,572      50,799      52,056      53,345      54,666      56,021      57,409      58,831      60,290      61,784      63,316      64,887      66,496
35 SUPPORT SUPERVISO                    32,847      33,560      34,547      36,374      37,160      39,189      40,011      40,925      41,838      42,752      43,319      44,306      45,877      46,955      48,015      49,093      50,190      51,104      52,274      53,480      54,722      55,796
38 SUPPORT SUPERVISO                    39,805      40,686      41,919      44,157      45,147      47,580      49,049      50,159      51,272      52,437      53,607      54,832      56,056      57,343      59,528      60,902      62,309      62,878      64,335      65,829      67,360      68,684
39 ADMINISTRATIVE                       43,353      44,322      45,679      48,145      49,235      51,913      53,529      54,752      55,978      57,264      58,548      59,896      61,246      62,660      65,063      66,576      68,125      68,694      70,298      71,941      73,625      75,073