P19   Cleveland_Teachers_Union_Contract_2021-2024.pdf   page 164
title          : (none)
employee_group : (not labelled - SOM endpoint was down)
cells          : 114
Vision agree   : 0.956

step                    2021-2022 Effective July 1, 2021 B.A.  2021-2022 Effective July 1, 2021 M.A.  2022-2023 Effective July 1, 2022 B.A.  2022-2023 Effective July 1, 2022 M.A.  2023-2024 Effective July 1, 2023 B.A.  2023-2024 Effective July 1, 2023 M.A.
----------------------------------------------------------------------------------------------------------------------------------------------------------------------------------------------------------------------------------------------------------------
Step 18                                                57,928                                 63,052                                 59,666                                 64,944                                 60,859                                 66,243
Step 19                                                57,928                                 63,052                                 59,666                                 64,944                                 60,859                                 66,243
Step 20                                                57,928                                 63,052                                 59,666                                 64,944                                 60,859                                 66,243
Step 21                                                59,180                                 64,773                                 60,955                                 66,716                                 62,174                                 68,050
Step 22                                                59,180                                 64,773                                 60,955                                 66,716                                 62,174                                 68,050
Step 23                                                59,180                                 64,773                                 60,955                                 66,716                                 62,174                                 68,050
Step 24                                                59,180                                 64,773                                 60,955                                 66,716                                 62,174                                 68,050
Step 25                                                59,180                                 64,773                                 60,955                                 66,716                                 62,174                                 68,050
Step 26                                                60,320                                 65,921                                 62,129                                 67,899                                 63,372                                 69,257
Step 27                                                60,320                                 65,921                                 62,129                                 67,899                                 63,372                                 69,257
Step 28                                                60,320                                 65,921                                 62,129                                 67,899                                 63,372                                 69,257
Step 29                                                60,320                                 65,921                                 62,129                                 67,899                                 63,372                                 69,257
Step 30                                                60,320                                 65,921                                 62,129                                 67,899                                 63,372                                 69,257
Step 31                                                61,459                                 67,071                                 63,303                                 69,083                                 64,569                                 70,464
Step 32                                                61,459                                 67,071                                 63,303                                 69,083                                 64,569                                 70,464
Step 33                                                61,459                                 67,071                                 63,303                                 69,083                                 64,569                                 70,464
Step 34                                                61,459                                 67,071                                 63,303                                 69,083                                 64,569                                 70,464
Step 35                                                61,459                                 67,071                                 63,303                                 69,083                                 64,569                                 70,464
Step 36                                                63,730                                 69,366                                 65,642                                 71,447                                 66,955                                 72,876