P22   33.pdf   page 690
title          : QUALIFIED), DEAFINTERPRETER I
employee_group : (not labelled - SOM endpoint was down)
cells          : 168
Vision agree   : 0.935

step                             1           2           3           4           5           6           7           8           9          10          11          12          13          14          15          16          17          18          19          20          21          22          23     OVERMAX
----------------------------------------------------------------------------------------------------------------------------------------------------------------------------------------------------------------------------------------------------------------------------------------------------------------------
32 DEAFINTERPRETER I        23,692      24,182      24,868      25,386      26,113      26,662      27,433      28,015      28,833      29,455      30,070      30,719      31,371      32,052      32,732      33,449      34,966      35,740      36,530      37,024      37,847      38,692      39,558      40,331
32 DEAFINTERPRETER I        26,063      26,605      27,366      27,940      28,745      29,354      30,207      30,854      31,758      32,448      33,130      33,849      34,571      35,328      36,080      36,874      38,557      39,412      40,289      40,835      41,747      42,685      43,643      44,497
32 DEAFINTERPRETER I        28,434      29,029      29,864      30,494      31,377      32,046      32,983      33,692      34,684      35,443      36,190      36,980      37,772      38,602      39,428      40,300      42,146      43,086      44,047      44,648      45,649      46,676      47,730      48,665
33 DEAFINTERPRETER I        24,947      25,443      26,224      26,795      27,532      28,163      28,974      29,620      30,252      30,912      31,574      32,280      32,671      33,377      34,578      35,360      36,141      36,967      37,794      38,470      39,342      40,228      41,145      41,950
34 IV 185                   25,378      25,891      26,677      27,263      28,020      28,655      29,493      30,151      30,790      31,467      32,144      32,858      33,263      33,989      35,207      36,008      36,804      37,642      38,483      39,172      40,060      40,966      41,902      42,722
34 IV 205                   28,068      28,636      29,507      30,156      30,996      31,699      32,627      33,355      34,064      34,815      35,565      36,357      36,805      37,609      38,959      39,847      40,729      41,658      42,589      43,353      44,337      45,341      46,378      47,287
34 IV 225                   30,758      31,381      32,337      33,049      33,971      34,742      35,762      36,561      37,339      38,162      38,987      39,856      40,348      41,229      42,711      43,685      44,654      45,672      46,695      47,534      48,613      49,715      50,854      51,851