P23   17_19_ta_.pdf   page 3
title          : 2018-19 Teachers Salary Schedule Tentative Agreement (TA)
employee_group : (not labelled - SOM endpoint was down)
cells          : 218
Vision agree   : 0.968

step                            BA       BA+15       BA+30       BA+45          MA       MA+15       MA+30       MA+45       MA+60       BA+60
----------------------------------------------------------------------------------------------------------------------------------------------
1                           41,429      42,572      43,495      44,504      47,578      48,697      49,866      51,045      51,987            
2                           43,244      44,465      45,598      46,731      49,786      51,135      52,569      53,761      55,312            
3                           44,469      45,806      46,953      48,157      52,032      53,324      55,062      56,283      57,848            
4                           45,839      47,302      48,551      49,895      54,472      55,961      57,786      59,011      60,852            
5                           47,003      48,844      50,145      51,617      56,952      58,596      60,465      62,189      63,883            
6                           47,003      48,844      50,145      51,617      56,952      58,596      60,465      62,189      63,883            
7                           48,573      50,416      51,745      53,322      59,355      61,344      63,321      65,190      67,173            
8                           51,191      53,051      54,370      55,709      61,731      64,112      66,314      68,143      70,355            
9                           55,274      57,247      58,407      59,744      65,496      67,415      69,141      70,990      73,327            
10                          58,742      61,000      62,428      64,091      70,774      72,941      75,108      77,514      79,921            
11                          59,917      62,220      63,677      65,373      72,189      74,400      76,610      79,064      81,519            
12                          61,115      63,464      64,950      66,680      73,633      75,888      78,142      80,646      83,150            
13                          61,115      63,464      64,950      66,680      73,633      75,888      78,142      80,646      83,150            
14                          61,115      63,464      64,950      66,680      73,633      75,888      78,142      80,646      83,150            
15                          61,115      63,464      64,950      66,680      73,633      75,888      78,142      80,646      83,150            
16                          61,115      63,464      64,950      66,680      73,633      75,888      78,142      80,646      83,150            
17                          61,115      63,464      64,950      66,680      73,633      75,888      78,142      80,646      83,150            
18                          61,115      63,464      64,950      66,680      73,633      75,888      78,142      80,646      83,150            
19                          61,115      63,464      64,950      66,680      73,633      75,888      78,142      80,646      83,150      69,032
20                          63,711      65,938      67,548      69,155      76,262      78,644      80,898      83,402      86,407      71,629
21                          63,711      65,938      67,548      69,155      76,262      78,644      80,898      83,402      86,407      71,629
22                          63,711      65,938      67,548      69,155      76,262      78,644      80,898      83,402      86,407      71,629
23                          63,711      65,938      67,548      69,155      76,262      78,644      80,898      83,402      86,407      71,629
24+                                                                         77,766      80,646      82,900      86,031      89,161      72,599